冒泡排序用时： 2.3238593
选择排序用时： 0.7875509999999997
插入排序用时： 1.4286098999999997
希尔排序用时： 0.8613887
归并排序用时： 0.19422980000000045
快速排序用时： 0.09992230000000024
*******************************

*******************************
[662, 215, 730, 283, 346, 897, 35, 151, 120, 19, 545, 621, 541, 42, 633, 98, 443, 30, 641, 886, 141, 795, 4, 531, 633, 925, 724, 228, 16, 371, 509, 684, 8, 514, 72, 435, 965, 730, 502, 664, 485, 727, 820, 297, 862, 132, 767, 638, 479, 298, 435, 327, 688, 149, 991, 375, 706, 261, 998, 322, 333, 943, 968, 834, 313, 334, 476, 62, 533, 197, 781, 102, 189, 406, 971, 703, 694, 321, 629, 260, 14, 754, 815, 85, 194, 19, 273, 841, 473, 971, 594, 198, 511, 550, 138, 324, 913, 465, 262, 304, 296, 416, 728, 404, 545, 28, 891, 336, 861, 265, 519, 190, 608, 317, 763, 511, 518, 891, 616, 49, 951, 246, 185, 442, 848, 546, 328, 543, 522, 51, 812, 348, 656, 407, 624, 500, 546, 748, 70, 88, 427, 242, 588, 881, 784, 816, 773, 419, 891, 408, 94, 703, 473, 450, 759, 795, 567, 783, 416, 678, 256, 144, 659, 512, 760, 352, 630, 851, 987, 992, 558, 908, 766, 298, 55, 460, 466, 628, 870, 100, 602, 469, 942, 446, 85, 100, 0, 549, 153, 856, 236, 619, 692, 883, 46, 708, 402, 349, 175, 591, 841, 222, 119, 866, 761, 604, 356, 1, 881, 279, 357, 829, 381, 543, 708, 634, 405, 820, 83, 3, 609, 953, 918, 312, 885, 746, 957, 506, 705, 959, 120, 746, 741, 791, 159, 969, 378, 474, 767, 383, 940, 232, 155, 544, 393, 83, 124, 511, 547, 77, 286, 498, 230, 83, 859, 818, 338, 353, 665, 912, 85, 470, 196, 257, 700, 42, 4, 83, 71, 584, 19, 972, 705, 242, 621, 244, 144, 34, 728, 427, 823, 664, 144, 891, 591, 483, 224, 204, 420, 898, 568, 536, 306, 19, 326, 841, 356, 545, 431, 160, 902, 278, 286, 267, 528, 309, 425, 855, 746, 112, 154, 402, 82, 876, 575, 676, 342, 937, 280, 295, 685, 656, 165, 318, 349, 621, 876, 706, 760, 472, 241, 427, 308, 773, 80, 374, 75, 811, 17, 488, 18, 512, 728, 338, 754, 285, 730, 889, 17, 434, 233, 777, 308, 231, 287, 978, 751, 511, 797, 202, 731, 233, 967, 369, 538, 550, 370, 940, 272, 692, 638, 6, 81, 967, 794, 754, 696, 466, 590, 269, 308, 625, 222, 220, 53, 321, 921, 747, 882, 462, 743, 202, 431, 116, 727, 873, 54, 626, 80, 565, 680, 474, 599, 19, 563, 570, 621, 845, 971, 710, 370, 389, 584, 666, 270, 656, 367, 117, 655, 247, 523, 635, 473, 448, 404, 414, 286, 736, 176, 867, 241, 712, 956, 695, 1000, 378, 161, 125, 274, 49, 715, 39, 417, 825, 712, 577, 199, 528, 103, 933, 254, 929, 917, 285, 817, 516, 838, 49, 261, 64, 873, 132, 353, 156, 121, 749, 224, 171, 635, 8, 397, 132, 944, 475, 559, 4, 980, 793, 63, 22, 700, 801, 575, 246, 406, 25, 863, 213, 207, 2, 117, 717, 896, 375, 180, 354, 386, 123, 905, 696]
[662, 215, 730, 283, 346, 897, 35, 151, 120, 19, 545, 621, 541, 42, 633, 98, 443, 30, 641, 886, 141, 795, 4, 531, 633, 925, 724, 228, 16, 371, 509, 684, 8, 514, 72, 435, 965, 730, 502, 664, 485, 727, 820, 297, 862, 132, 767, 638, 479, 298, 435, 327, 688, 149, 991, 375, 706, 261, 998, 322, 333, 943, 968, 834, 313, 334, 476, 62, 533, 197, 781, 102, 189, 406, 971, 703, 694, 321, 629, 260, 14, 754, 815, 85, 194, 19, 273, 841, 473, 971, 594, 198, 511, 550, 138, 324, 913, 465, 262, 304, 296, 416, 728, 404, 545, 28, 891, 336, 861, 265, 519, 190, 608, 317, 763, 511, 518, 891, 616, 49, 951, 246, 185, 442, 848, 546, 328, 543, 522, 51, 812, 348, 656, 407, 624, 500, 546, 748, 70, 88, 427, 242, 588, 881, 784, 816, 773, 419, 891, 408, 94, 703, 473, 450, 759, 795, 567, 783, 416, 678, 256, 144, 659, 512, 760, 352, 630, 851, 987, 992, 558, 908, 766, 298, 55, 460, 466, 628, 870, 100, 602, 469, 942, 446, 85, 100, 0, 549, 153, 856, 236, 619, 692, 883, 46, 708, 402, 349, 175, 591, 841, 222, 119, 866, 761, 604, 356, 1, 881, 279, 357, 829, 381, 543, 708, 634, 405, 820, 83, 3, 609, 953, 918, 312, 885, 746, 957, 506, 705, 959, 120, 746, 741, 791, 159, 969, 378, 474, 767, 383, 940, 232, 155, 544, 393, 83, 124, 511, 547, 77, 286, 498, 230, 83, 859, 818, 338, 353, 665, 912, 85, 470, 196, 257, 700, 42, 4, 83, 71, 584, 19, 972, 705, 242, 621, 244, 144, 34, 728, 427, 823, 664, 144, 891, 591, 483, 224, 204, 420, 898, 568, 536, 306, 19, 326, 841, 356, 545, 431, 160, 902, 278, 286, 267, 528, 309, 425, 855, 746, 112, 154, 402, 82, 876, 575, 676, 342, 937, 280, 295, 685, 656, 165, 318, 349, 621, 876, 706, 760, 472, 241, 427, 308, 773, 80, 374, 75, 811, 17, 488, 18, 512, 728, 338, 754, 285, 730, 889, 17, 434, 233, 777, 308, 231, 287, 978, 751, 511, 797, 202, 731, 233, 967, 369, 538, 550, 370, 940, 272, 692, 638, 6, 81, 967, 794, 754, 696, 466, 590, 269, 308, 625, 222, 220, 53, 321, 921, 747, 882, 462, 743, 202, 431, 116, 727, 873, 54, 626, 80, 565, 680, 474, 599, 19, 563, 570, 621, 845, 971, 710, 370, 389, 584, 666, 270, 656, 367, 117, 655, 247, 523, 635, 473, 448, 404, 414, 286, 736, 176, 867, 241, 712, 956, 695, 1000, 378, 161, 125, 274, 49, 715, 39, 417, 825, 712, 577, 199, 528, 103, 933, 254, 929, 917, 285, 817, 516, 838, 49, 261, 64, 873, 132, 353, 156, 121, 749, 224, 171, 635, 8, 397, 132, 944, 475, 559, 4, 980, 793, 63, 22, 700, 801, 575, 246, 406, 25, 863, 213, 207, 2, 117, 717, 896, 375, 180, 354, 386, 123, 905, 696]
冒泡排序用时： 2.3642542
选择排序用时： 0.7880156
插入排序用时： 1.4683938000000003
希尔排序用时： 0.8708285
归并排序用时： 0.19843800000000034
快速排序用时： 0.10249919999999957
******************************

******************************
[665, 262, 123, 804, 268, 686, 217, 434, 909, 431, 933, 914, 634, 770, 363, 476, 172, 297, 517, 211, 567, 795, 263, 583, 109, 707, 346, 362, 21, 838, 969, 890, 493, 488, 907, 577, 240, 994, 679, 324, 842, 335, 223, 417, 919, 60, 959, 526, 871, 151, 354, 313, 918, 892, 772, 353, 495, 479, 572, 857, 329, 836, 521, 682, 693, 487, 926, 817, 473, 820, 553, 464, 607, 725, 6, 53, 849, 782, 180, 9, 649, 29, 8, 622, 351, 25, 8, 365, 304, 694, 150, 245, 501, 285, 473, 74, 71, 628, 615, 54, 283, 456, 312, 783, 944, 931, 527, 300, 933, 309, 882, 213, 634, 608, 953, 100, 90, 996, 889, 518, 169, 868, 182, 126, 279, 456, 63, 821, 612, 191, 921, 602, 378, 398, 251, 775, 857, 531, 98, 912, 838, 106, 72, 775, 634, 27, 427, 989, 315, 693, 956, 335, 959, 460, 305, 564, 817, 337, 989, 920, 255, 509, 1, 946, 734, 335, 654, 994, 304, 221, 700, 373, 780, 852, 724, 640, 8, 84, 263, 712, 128, 192, 535, 893, 668, 620, 905, 706, 143, 417, 568, 171, 763, 621, 569, 967, 342, 261, 800, 842, 314, 652, 475, 369, 114, 979, 14, 813, 152, 813, 393, 71, 174, 130, 561, 586, 498, 642, 356, 232, 724, 846, 158, 209, 649, 738, 739, 309, 115, 208, 259, 496, 173, 747, 86, 802, 447, 415, 184, 164, 554, 614, 537, 808, 195, 234, 133, 855, 680, 53, 404, 297, 986, 64, 310, 290, 885, 459, 476, 177, 752, 471, 149, 503, 686, 860, 109, 807, 596, 970, 670, 968, 781, 53, 150, 334, 390, 591, 291, 325, 376, 563, 467, 537, 438, 598, 779, 914, 565, 904, 151, 630, 983, 86, 825, 362, 245, 515, 194, 818, 847, 539, 435, 618, 577, 85, 638, 391, 9, 572, 324, 552, 776, 619, 152, 939, 182, 791, 253, 709, 226, 779, 465, 825, 936, 108, 382, 603, 121, 798, 105, 188, 793, 224, 952, 451, 449, 274, 146, 428, 49, 220, 562, 777, 770, 121, 714, 514, 536, 138, 698, 257, 290, 641, 215, 738, 890, 677, 981, 816, 708, 36, 112, 139, 222, 64, 210, 419, 691, 325, 24, 489, 3, 44, 169, 437, 976, 274, 725, 729, 648, 762, 995, 901, 339, 105, 804, 68, 847, 502, 85, 593, 725, 75, 360, 102, 220, 19, 357, 137, 0, 388, 815, 976, 722, 909, 153, 157, 511, 673, 361, 666, 604, 69, 97, 143, 152, 365, 989, 90, 926, 971, 370, 766, 206, 876, 537, 124, 158, 461, 4, 930, 634, 284, 12, 673, 451, 580, 308, 265, 922, 711, 224, 377, 165, 345, 512, 96, 144, 62, 320, 680, 719, 528, 145, 953, 52, 213, 876, 42, 236, 652, 417, 476, 804, 748, 873, 225, 907, 708, 376, 783, 725, 782, 833, 804, 848, 201, 249, 36, 90, 412, 263, 495, 686, 680, 945, 152, 898, 736, 31, 596, 453, 108, 538, 135, 589, 486, 26, 303]
[665, 262, 123, 804, 268, 686, 217, 434, 909, 431, 933, 914, 634, 770, 363, 476, 172, 297, 517, 211, 567, 795, 263, 583, 109, 707, 346, 362, 21, 838, 969, 890, 493, 488, 907, 577, 240, 994, 679, 324, 842, 335, 223, 417, 919, 60, 959, 526, 871, 151, 354, 313, 918, 892, 772, 353, 495, 479, 572, 857, 329, 836, 521, 682, 693, 487, 926, 817, 473, 820, 553, 464, 607, 725, 6, 53, 849, 782, 180, 9, 649, 29, 8, 622, 351, 25, 8, 365, 304, 694, 150, 245, 501, 285, 473, 74, 71, 628, 615, 54, 283, 456, 312, 783, 944, 931, 527, 300, 933, 309, 882, 213, 634, 608, 953, 100, 90, 996, 889, 518, 169, 868, 182, 126, 279, 456, 63, 821, 612, 191, 921, 602, 378, 398, 251, 775, 857, 531, 98, 912, 838, 106, 72, 775, 634, 27, 427, 989, 315, 693, 956, 335, 959, 460, 305, 564, 817, 337, 989, 920, 255, 509, 1, 946, 734, 335, 654, 994, 304, 221, 700, 373, 780, 852, 724, 640, 8, 84, 263, 712, 128, 192, 535, 893, 668, 620, 905, 706, 143, 417, 568, 171, 763, 621, 569, 967, 342, 261, 800, 842, 314, 652, 475, 369, 114, 979, 14, 813, 152, 813, 393, 71, 174, 130, 561, 586, 498, 642, 356, 232, 724, 846, 158, 209, 649, 738, 739, 309, 115, 208, 259, 496, 173, 747, 86, 802, 447, 415, 184, 164, 554, 614, 537, 808, 195, 234, 133, 855, 680, 53, 404, 297, 986, 64, 310, 290, 885, 459, 476, 177, 752, 471, 149, 503, 686, 860, 109, 807, 596, 970, 670, 968, 781, 53, 150, 334, 390, 591, 291, 325, 376, 563, 467, 537, 438, 598, 779, 914, 565, 904, 151, 630, 983, 86, 825, 362, 245, 515, 194, 818, 847, 539, 435, 618, 577, 85, 638, 391, 9, 572, 324, 552, 776, 619, 152, 939, 182, 791, 253, 709, 226, 779, 465, 825, 936, 108, 382, 603, 121, 798, 105, 188, 793, 224, 952, 451, 449, 274, 146, 428, 49, 220, 562, 777, 770, 121, 714, 514, 536, 138, 698, 257, 290, 641, 215, 738, 890, 677, 981, 816, 708, 36, 112, 139, 222, 64, 210, 419, 691, 325, 24, 489, 3, 44, 169, 437, 976, 274, 725, 729, 648, 762, 995, 901, 339, 105, 804, 68, 847, 502, 85, 593, 725, 75, 360, 102, 220, 19, 357, 137, 0, 388, 815, 976, 722, 909, 153, 157, 511, 673, 361, 666, 604, 69, 97, 143, 152, 365, 989, 90, 926, 971, 370, 766, 206, 876, 537, 124, 158, 461, 4, 930, 634, 284, 12, 673, 451, 580, 308, 265, 922, 711, 224, 377, 165, 345, 512, 96, 144, 62, 320, 680, 719, 528, 145, 953, 52, 213, 876, 42, 236, 652, 417, 476, 804, 748, 873, 225, 907, 708, 376, 783, 725, 782, 833, 804, 848, 201, 249, 36, 90, 412, 263, 495, 686, 680, 945, 152, 898, 736, 31, 596, 453, 108, 538, 135, 589, 486, 26, 303]
冒泡排序用时： 2.3757056
选择排序用时： 0.8046139999999999
插入排序用时： 1.4978589999999996
希尔排序用时： 0.8663121999999994
归并排序用时： 0.2093120000000006
快速排序用时： 0.10062110000000057
******************************

******************************
[548, 234, 616, 925, 614, 957, 744, 334, 395, 221, 770, 611, 770, 639, 785, 717, 993, 34, 675, 508, 794, 132, 359, 42, 674, 810, 158, 504, 509, 593, 7, 481, 516, 827, 387, 744, 411, 236, 268, 262, 403, 726, 347, 311, 331, 626, 615, 383, 944, 800, 225, 117, 643, 173, 421, 75, 459, 274, 14, 587, 726, 790, 631, 102, 302, 679, 637, 772, 524, 57, 40, 246, 230, 782, 252, 516, 973, 609, 733, 277, 435, 734, 960, 984, 147, 210, 65, 914, 923, 566, 971, 492, 745, 925, 632, 109, 493, 588, 87, 308, 137, 710, 191, 394, 755, 940, 8, 617, 284, 910, 106, 765, 237, 471, 892, 587, 385, 243, 684, 448, 616, 0, 813, 15, 413, 666, 29, 740, 587, 610, 292, 675, 276, 891, 812, 234, 43, 756, 610, 618, 201, 194, 279, 581, 280, 484, 686, 342, 478, 465, 884, 167, 986, 631, 809, 919, 633, 566, 493, 936, 772, 247, 598, 19, 673, 241, 721, 781, 193, 69, 877, 469, 748, 328, 213, 516, 49, 17, 234, 931, 48, 381, 718, 816, 842, 510, 802, 657, 324, 681, 582, 131, 390, 175, 198, 473, 372, 565, 542, 664, 107, 93, 207, 735, 470, 188, 650, 656, 941, 509, 779, 63, 33, 989, 932, 717, 462, 883, 694, 547, 134, 917, 587, 142, 118, 415, 259, 759, 716, 839, 54, 198, 142, 987, 343, 126, 330, 223, 665, 939, 548, 719, 155, 92, 799, 156, 675, 840, 756, 126, 307, 522, 696, 678, 471, 199, 535, 465, 564, 916, 528, 161, 541, 942, 872, 198, 300, 903, 199, 478, 616, 190, 500, 645, 896, 451, 598, 285, 467, 154, 543, 265, 956, 811, 784, 653, 996, 760, 597, 391, 737, 470, 88, 285, 339, 294, 290, 662, 178, 407, 957, 355, 168, 144, 703, 819, 242, 295, 110, 102, 60, 983, 319, 928, 346, 858, 801, 508, 608, 183, 424, 310, 649, 104, 348, 595, 784, 691, 797, 579, 214, 3, 736, 43, 775, 924, 121, 1000, 426, 510, 80, 708, 785, 998, 984, 726, 909, 7, 721, 325, 700, 11, 333, 327, 989, 434, 856, 195, 571, 713, 246, 761, 164, 52, 296, 954, 917, 202, 674, 107, 872, 123, 598, 893, 454, 426, 435, 549, 486, 614, 465, 771, 394, 103, 843, 587, 535, 198, 458, 17, 135, 413, 176, 648, 295, 532, 252, 570, 555, 358, 728, 779, 192, 351, 824, 504, 48, 817, 573, 405, 187, 909, 554, 963, 262, 253, 612, 533, 791, 718, 591, 991, 190, 672, 869, 753, 241, 506, 149, 770, 79, 747, 130, 436, 853, 973, 709, 379, 156, 797, 49, 941, 907, 303, 718, 354, 324, 158, 321, 524, 206, 372, 546, 144, 858, 344, 719, 974, 109, 297, 455, 50, 473, 522, 359, 443, 827, 69, 438, 551, 139, 607, 882, 655, 775, 319, 864, 896, 402, 308, 678, 952, 430, 605, 147, 436, 134, 749, 7, 761, 505, 632, 82, 181, 860, 409, 489, 581, 141, 641]
[548, 234, 616, 925, 614, 957, 744, 334, 395, 221, 770, 611, 770, 639, 785, 717, 993, 34, 675, 508, 794, 132, 359, 42, 674, 810, 158, 504, 509, 593, 7, 481, 516, 827, 387, 744, 411, 236, 268, 262, 403, 726, 347, 311, 331, 626, 615, 383, 944, 800, 225, 117, 643, 173, 421, 75, 459, 274, 14, 587, 726, 790, 631, 102, 302, 679, 637, 772, 524, 57, 40, 246, 230, 782, 252, 516, 973, 609, 733, 277, 435, 734, 960, 984, 147, 210, 65, 914, 923, 566, 971, 492, 745, 925, 632, 109, 493, 588, 87, 308, 137, 710, 191, 394, 755, 940, 8, 617, 284, 910, 106, 765, 237, 471, 892, 587, 385, 243, 684, 448, 616, 0, 813, 15, 413, 666, 29, 740, 587, 610, 292, 675, 276, 891, 812, 234, 43, 756, 610, 618, 201, 194, 279, 581, 280, 484, 686, 342, 478, 465, 884, 167, 986, 631, 809, 919, 633, 566, 493, 936, 772, 247, 598, 19, 673, 241, 721, 781, 193, 69, 877, 469, 748, 328, 213, 516, 49, 17, 234, 931, 48, 381, 718, 816, 842, 510, 802, 657, 324, 681, 582, 131, 390, 175, 198, 473, 372, 565, 542, 664, 107, 93, 207, 735, 470, 188, 650, 656, 941, 509, 779, 63, 33, 989, 932, 717, 462, 883, 694, 547, 134, 917, 587, 142, 118, 415, 259, 759, 716, 839, 54, 198, 142, 987, 343, 126, 330, 223, 665, 939, 548, 719, 155, 92, 799, 156, 675, 840, 756, 126, 307, 522, 696, 678, 471, 199, 535, 465, 564, 916, 528, 161, 541, 942, 872, 198, 300, 903, 199, 478, 616, 190, 500, 645, 896, 451, 598, 285, 467, 154, 543, 265, 956, 811, 784, 653, 996, 760, 597, 391, 737, 470, 88, 285, 339, 294, 290, 662, 178, 407, 957, 355, 168, 144, 703, 819, 242, 295, 110, 102, 60, 983, 319, 928, 346, 858, 801, 508, 608, 183, 424, 310, 649, 104, 348, 595, 784, 691, 797, 579, 214, 3, 736, 43, 775, 924, 121, 1000, 426, 510, 80, 708, 785, 998, 984, 726, 909, 7, 721, 325, 700, 11, 333, 327, 989, 434, 856, 195, 571, 713, 246, 761, 164, 52, 296, 954, 917, 202, 674, 107, 872, 123, 598, 893, 454, 426, 435, 549, 486, 614, 465, 771, 394, 103, 843, 587, 535, 198, 458, 17, 135, 413, 176, 648, 295, 532, 252, 570, 555, 358, 728, 779, 192, 351, 824, 504, 48, 817, 573, 405, 187, 909, 554, 963, 262, 253, 612, 533, 791, 718, 591, 991, 190, 672, 869, 753, 241, 506, 149, 770, 79, 747, 130, 436, 853, 973, 709, 379, 156, 797, 49, 941, 907, 303, 718, 354, 324, 158, 321, 524, 206, 372, 546, 144, 858, 344, 719, 974, 109, 297, 455, 50, 473, 522, 359, 443, 827, 69, 438, 551, 139, 607, 882, 655, 775, 319, 864, 896, 402, 308, 678, 952, 430, 605, 147, 436, 134, 749, 7, 761, 505, 632, 82, 181, 860, 409, 489, 581, 141, 641]
冒泡排序用时： 2.2927826
选择排序用时： 0.7849415
插入排序用时： 1.4360609999999996
希尔排序用时： 0.8670101000000008
归并排序用时： 0.1983144999999995
快速排序用时： 0.1044533000000003
******************************

******************************
[34, 71, 113, 747, 655, 58, 888, 149, 588, 392, 554, 188, 39, 280, 762, 870, 573, 340, 754, 261, 488, 145, 818, 974, 438, 723, 683, 381, 982, 417, 826, 230, 860, 819, 884, 821, 244, 624, 476, 973, 462, 107, 586, 875, 51, 527, 813, 821, 589, 240, 871, 596, 722, 112, 800, 357, 971, 838, 561, 61, 130, 21, 734, 85, 557, 787, 234, 483, 631, 858, 390, 936, 421, 192, 831, 233, 340, 952, 569, 836, 859, 782, 342, 702, 420, 220, 101, 749, 678, 855, 328, 868, 879, 675, 909, 255, 570, 975, 468, 949, 107, 890, 880, 808, 295, 818, 853, 891, 759, 326, 86, 341, 109, 98, 165, 167, 475, 762, 671, 93, 889, 521, 993, 683, 136, 149, 863, 991, 740, 388, 741, 738, 208, 843, 164, 387, 254, 389, 579, 312, 409, 330, 620, 611, 613, 92, 880, 481, 704, 958, 325, 439, 731, 908, 881, 368, 349, 527, 193, 385, 292, 495, 112, 198, 386, 922, 759, 849, 775, 35, 512, 384, 418, 510, 111, 517, 877, 330, 77, 915, 138, 208, 225, 67, 948, 464, 574, 132, 940, 901, 992, 589, 146, 257, 900, 523, 713, 700, 747, 431, 164, 595, 983, 267, 750, 856, 55, 823, 615, 351, 525, 230, 957, 983, 279, 354, 854, 193, 556, 760, 255, 782, 640, 80, 532, 204, 924, 722, 749, 403, 346, 86, 150, 270, 776, 810, 44, 433, 825, 464, 762, 389, 889, 782, 136, 323, 789, 892, 900, 109, 297, 597, 615, 131, 253, 770, 673, 475, 43, 503, 786, 523, 538, 10, 137, 169, 501, 950, 503, 105, 874, 438, 353, 37, 209, 600, 300, 387, 1, 498, 16, 753, 834, 483, 716, 463, 975, 252, 247, 631, 665, 991, 461, 508, 640, 634, 595, 39, 932, 135, 874, 301, 128, 808, 236, 590, 912, 484, 484, 388, 906, 827, 616, 337, 948, 631, 422, 90, 570, 857, 19, 500, 525, 649, 385, 86, 972, 947, 643, 364, 104, 706, 135, 178, 553, 952, 645, 487, 478, 686, 396, 893, 660, 684, 95, 524, 237, 579, 474, 636, 753, 842, 39, 986, 92, 563, 59, 954, 223, 33, 1000, 405, 122, 520, 67, 286, 150, 528, 70, 392, 401, 193, 135, 940, 183, 877, 117, 275, 124, 607, 144, 491, 116, 497, 52, 251, 370, 114, 306, 149, 635, 336, 646, 380, 274, 140, 132, 78, 408, 695, 250, 226, 59, 359, 724, 979, 892, 738, 366, 804, 345, 641, 570, 975, 636, 851, 603, 587, 491, 55, 592, 812, 86, 775, 998, 807, 781, 106, 561, 224, 184, 604, 439, 692, 715, 178, 102, 975, 660, 314, 63, 288, 139, 564, 836, 22, 334, 818, 7, 298, 89, 336, 35, 57, 264, 393, 163, 269, 853, 366, 22, 995, 134, 348, 489, 619, 611, 777, 867, 599, 53, 857, 613, 796, 953, 93, 482, 811, 154, 745, 912, 328, 269, 449, 923, 15, 262, 811, 401, 538, 930, 28, 338, 103, 316, 131, 704, 93, 763, 61]
[34, 71, 113, 747, 655, 58, 888, 149, 588, 392, 554, 188, 39, 280, 762, 870, 573, 340, 754, 261, 488, 145, 818, 974, 438, 723, 683, 381, 982, 417, 826, 230, 860, 819, 884, 821, 244, 624, 476, 973, 462, 107, 586, 875, 51, 527, 813, 821, 589, 240, 871, 596, 722, 112, 800, 357, 971, 838, 561, 61, 130, 21, 734, 85, 557, 787, 234, 483, 631, 858, 390, 936, 421, 192, 831, 233, 340, 952, 569, 836, 859, 782, 342, 702, 420, 220, 101, 749, 678, 855, 328, 868, 879, 675, 909, 255, 570, 975, 468, 949, 107, 890, 880, 808, 295, 818, 853, 891, 759, 326, 86, 341, 109, 98, 165, 167, 475, 762, 671, 93, 889, 521, 993, 683, 136, 149, 863, 991, 740, 388, 741, 738, 208, 843, 164, 387, 254, 389, 579, 312, 409, 330, 620, 611, 613, 92, 880, 481, 704, 958, 325, 439, 731, 908, 881, 368, 349, 527, 193, 385, 292, 495, 112, 198, 386, 922, 759, 849, 775, 35, 512, 384, 418, 510, 111, 517, 877, 330, 77, 915, 138, 208, 225, 67, 948, 464, 574, 132, 940, 901, 992, 589, 146, 257, 900, 523, 713, 700, 747, 431, 164, 595, 983, 267, 750, 856, 55, 823, 615, 351, 525, 230, 957, 983, 279, 354, 854, 193, 556, 760, 255, 782, 640, 80, 532, 204, 924, 722, 749, 403, 346, 86, 150, 270, 776, 810, 44, 433, 825, 464, 762, 389, 889, 782, 136, 323, 789, 892, 900, 109, 297, 597, 615, 131, 253, 770, 673, 475, 43, 503, 786, 523, 538, 10, 137, 169, 501, 950, 503, 105, 874, 438, 353, 37, 209, 600, 300, 387, 1, 498, 16, 753, 834, 483, 716, 463, 975, 252, 247, 631, 665, 991, 461, 508, 640, 634, 595, 39, 932, 135, 874, 301, 128, 808, 236, 590, 912, 484, 484, 388, 906, 827, 616, 337, 948, 631, 422, 90, 570, 857, 19, 500, 525, 649, 385, 86, 972, 947, 643, 364, 104, 706, 135, 178, 553, 952, 645, 487, 478, 686, 396, 893, 660, 684, 95, 524, 237, 579, 474, 636, 753, 842, 39, 986, 92, 563, 59, 954, 223, 33, 1000, 405, 122, 520, 67, 286, 150, 528, 70, 392, 401, 193, 135, 940, 183, 877, 117, 275, 124, 607, 144, 491, 116, 497, 52, 251, 370, 114, 306, 149, 635, 336, 646, 380, 274, 140, 132, 78, 408, 695, 250, 226, 59, 359, 724, 979, 892, 738, 366, 804, 345, 641, 570, 975, 636, 851, 603, 587, 491, 55, 592, 812, 86, 775, 998, 807, 781, 106, 561, 224, 184, 604, 439, 692, 715, 178, 102, 975, 660, 314, 63, 288, 139, 564, 836, 22, 334, 818, 7, 298, 89, 336, 35, 57, 264, 393, 163, 269, 853, 366, 22, 995, 134, 348, 489, 619, 611, 777, 867, 599, 53, 857, 613, 796, 953, 93, 482, 811, 154, 745, 912, 328, 269, 449, 923, 15, 262, 811, 401, 538, 930, 28, 338, 103, 316, 131, 704, 93, 763, 61]
冒泡排序用时： 2.3971067
选择排序用时： 0.8194526999999998
插入排序用时： 1.4873614999999996
希尔排序用时： 0.8773098999999993
归并排序用时： 0.19756339999999994
快速排序用时： 0.13373420000000014
******************************

******************************